0,1,2,3,4,5,llama_7B_ds_alpaca_52000/epoch2_correct,llama_7B_ds_alpaca_52000/epoch2_choiceA_probs,llama_7B_ds_alpaca_52000/epoch2_choiceB_probs,llama_7B_ds_alpaca_52000/epoch2_choiceC_probs,llama_7B_ds_alpaca_52000/epoch2_choiceD_probs
A lesion causing compression of the facial nerve at the stylomastoid foramen will cause ipsilateral,paralysis of the facial muscles.,paralysis of the facial muscles and loss of taste.,"paralysis of the facial muscles, loss of taste and lacrimation.","paralysis of the facial muscles, loss of taste, lacrimation and decreased salivation.",A,False,0.31039217,0.08892884,0.08892884,0.51175016
"A ""dished face"" profile is often associated with",a protruding mandible due to reactivation of the condylar cartilage by acromegaly.,a recessive maxilla due to failure of elongation of the cranial base.,an enlarged frontal bone due to hydrocephaly.,defective development of the maxillary air sinus.,B,False,0.97586584,0.017873608,0.0035195218,0.0027410062
Which of the following best describes the structure that collects urine in the body?,Bladder,Kidney,Ureter,Urethra,A,True,0.8803528,0.11914279,0.00042969603,7.466997e-05
Which of the following structures is derived from ectomesenchyme?,Motor neurons,Skeletal muscles,Melanocytes,Sweat glands,C,False,0.3074237,0.3074237,0.3074237,0.07772889
Which of the following describes the cluster of blood capillaries found in each nephron in the kidney?,Afferent arteriole,Glomerulus,Loop of Henle,Renal pelvis,B,True,0.14799587,0.85165745,0.00017328536,0.00017328536
A patient suffers a broken neck with damage to the spinal cord at the level of the sixth cervical vertebra.,They will be unable to breathe without life support.,They will only be able to breathe quietly.,It is impossible to predict an effect on breathing.,Breathing will be unaffected.,B,False,0.77092046,0.081254415,0.043492354,0.10433274
Which of the following anatomical regions of abdomen lies just distal to the sternum?,Epigastric,Hypochondriac,Hypogastric,Lumbar,A,False,0.024355441,0.010152859,0.9139312,0.05156047
Which of the following best describes the human body's defense mechanism against environmental bacteria?,Hair in the nose,Mucous membranes,Osteoblasts,Saliva,B,True,7.4844495e-05,0.999902,1.892365e-05,4.2224374e-06
The palatine processes begin to fuse at,six weeks post-fertilization.,eight weeks post-fertilization.,ten weeks post-fertilization.,twelve weeks post-fertilization.,C,False,0.14698048,0.74642843,0.06942866,0.037162483
Primary motor cortex activity results in,bilateral contraction of antigravity limb muscles.,bilateral contraction of limb musculature.,contraction of ipsilateral limb musculature.,contraction of contralateral limb musculature.,D,False,0.8350932,0.14511743,0.010512272,0.009277048
You notice that your patient's submandibular lymph nodes are enlarged. You would look for potential infection sites in the,hard palate.,hard palate and upper lip.,"hard palate, upper lip and upper central incisor.","hard palate, upper lip, upper central incisor and lower first molar.",D,True,0.03798504,0.21858883,0.28067362,0.46275255
A patient suffers damage to the orbit in a road traffic incident resulting in damage to the third cranial nerve. Which of the following signs will be present?,Pupillary constriction and a medial strabismus,Pupillary dilatation and a medial strabismus,Pupillary constriction and a lateral strabismus,Pupillary dilatation and a lateral strabismus,D,False,0.8548362,0.090099074,0.029250886,0.025813818
Which of the following statements is true of the temporomandibular joint?,It has an articular disc of hyaline cartilage,Its articular surfaces are covered by hyaline cartilage,Proprioceptive information is carried by the chorda tympani and deep temporal nerves,Proprioceptive information is carried by the masseteric and auriculotemporal nerves.,D,False,0.5540879,0.43152407,0.005432086,0.0089559965
Laryngoscopic examination of the vocal folds after suspected recurrent laryngeal nerve damage usually shows that the vocal fold on the injured side is tensed and in an intermediate position between adduction and abduction. This is because,cricothyroid muscle is still functional but the interarytenoid muscles are fully active.,cricothyroid muscle is still functional but the interarytenoids are weak.,cricothyroid muscle is paralyzed but the interarytenoids are fully active.,cricothyroid muscle is paralyzed but the interarytenoids are weak.,B,False,0.6204588,0.13844307,0.0396646,0.20143346
Which one of the following statements about the growth of the mandible is correct?,The mental symphysis closes at about 1 year postnatally,The condylar growth cartilage ceases activity at puberty,The ossification centre appears about 8 weeks I.U.L medial to Meckel's cartilage,The functional matrix acting on the angle of the mandible is the lateral pterygoid muscle,A,True,0.42284688,0.22633363,0.0943499,0.2564696
Which of the following statements is true of the pupillary light reflex?,Its efferent limb is carried in the optic nerve,It is mediated by the inferior colliculi in the midbrain,It is a consensual reflex,Its afferent limb is carried in the oculomotor nerve,C,False,0.64910746,0.27058825,0.011888818,0.06841542
Which muscles are normally active during quiet inspiration?,External and internal intercostal muscles,External intercostal muscles and diaphragm,Internal intercostal muscles and diaphragm,External and internal intercostal muscles and diaphragm,B,True,0.1806501,0.8096176,0.0007382757,0.008994039
Male hormones are produced by which of the following?,Glans penis,Prepuce,Prostate,Testes,D,False,0.0006768155,0.009343149,0.9530272,0.036952876
Oxygenated blood is carried to the heart by which of the following structures?,Aorta,Carotid arteries,Inferior vena cava,Pulmonary veins,D,False,0.9625497,0.0373221,5.611151e-05,7.2048606e-05
Which of the following allows air to pass into the lungs?,Aorta,Esophagus,Trachea,Pancreas,C,True,0.00062484114,0.00218091,0.9969914,0.00020285622
Where is the sinoatrial node located?,Between the left atrium and the left ventricle,Between the right atrium and the right ventricle,In the upper wall of the right atrium,In the upper wall of the left ventricle,C,False,0.95748585,0.032763362,0.009386861,0.0003639681
"In relation to the rib, the corresponding intercostal nerve lies",deep to its superior border.,superficial to its superior border.,deep to its inferior border.,superficial to its inferior border.,C,False,0.5780097,0.3972599,0.017454382,0.007276069
The regional lymphatic drainage of the left side of the tip of the tongue is to the,left submental lymph node.,left and right submental lymph nodes.,left submandibular lymph node.,left and right submandibular lymph nodes.,B,True,0.21276082,0.7426082,0.012003143,0.03262793
Gastrulation is the process of,mesoderm formation and occurs after neurulation.,ectomesenchyme formation and occurs before neurulation.,mesoderm formation and occurs before neurulation.,ectomesenchyme formation and occurs after neurulation.,B,False,0.8350117,0.11300655,0.036687855,0.015293773
The spheno-occipital synchondrosis,is a secondary growth cartilage.,influences the position of the viscerocranium.,ceases activity at 7 years of age.,can be reactivated in patients affected by acromegaly.,B,False,0.7320865,0.23767368,0.008132746,0.022107096
Which of the following substances is found in greater quantity in exhaled air?,Carbon dioxide,Carbon monoxide,Nitrogen,Oxygen,C,False,0.949107,0.0082113845,0.00098071,0.04170085
Which of the following conditions is characterized by the presence of kidney stones (renal calculi)?,Glomerulonephritis,Interstitial nephritis,Nephrolithiasis,Polycystic kidney,C,True,5.826231e-05,0.00048782438,0.999445,8.934815e-06
A pulse may be felt on a patient's face where the,facial artery crosses the mandible.,facial artery crosses the maxilla.,superficial temporal artery crosses the maxilla.,superficial temporal artery crosses the orbital rim.,A,True,0.9684173,0.029243669,0.0014559565,0.0008830823
A patient sustains severe blunt trauma to the left upper abdomen and requires surgery. Which one of the following organs is most likely to be involved?,Appendix,Gallbladder,Spleen,Urinary bladder,C,True,0.15707532,0.13861847,0.7039627,0.00034360084
Which statement concerning the atrioventricular bundle is correct?,It is formed of autonomic nerve processes and is the only electrical connection between the atria and the ventricles.,It is formed of Purkinje fibres and is the only electrical connection between the atria and the ventricles,It is formed of autonomic nerve processes and forms one of several electrical connections between the atria and ventricles.,It is formed of Purkinje fibres and forms one of several electrical connections between the atria and ventricles.,B,False,0.8724966,0.071618885,0.006661594,0.04922289
Which of the following terms describes the motion of bending the forearm toward the body?,Abduction,Eversion,Flexion,Pronation,C,False,0.91319966,0.045465533,0.040123194,0.0012116154
Food is prevented from entering the larynx during the pharyngeal phase of swallowing by,constriction of the laryngeal entrance.,upward movement of the epiglottis.,downward movement of the larynx.,increase in respiratory rate.,A,True,0.90167356,0.09503569,0.0022350254,0.0010557511
At which of the following locations does bile enter the digestive tract?,Gastroesophageal sphincter,Duodenum,Ileocecum,Jejunum,B,True,0.0058775577,0.9884532,0.0051869266,0.00048245932
In which of the following positions does a patient lie face down?,Dorsal,Erect,Lateral,Prone,B,False,0.000378276,0.0035889824,0.0009074369,0.99512535
Complete bilateral cleft palate is due to failure of fusion of the,palatine processes.,palatine and frontonasal processes.,"palatine, frontonasal and secondary nasal processes.","palatine, frontonasal, secondary nasal processes and mandibular processes.",C,False,0.41181126,0.2204267,0.24977615,0.117985904
The auditory tube,connects the inner ear and nasopharynx.,is derived from the second pharyngeal pouch.,is opened by the action of levator veli palatini.,is closed by the action of tensor veli palatini.,C,False,0.8747911,0.104478896,0.009718051,0.011011994
Which of the following is the lymphoid organ that is a reservoir for red blood cells and filters organisms from the blood?,Appendix,Gallbladder,Pancreas,Spleen,D,True,0.000996296,0.01213737,0.022675592,0.9641907
Which of the following cavities are separated by the diaphragm?,Abdominal and pelvic,Cranial and spinal,Thoracic and abdominal,Pericardial and pleural,C,False,0.5202018,0.24572593,0.19137156,0.042700764
The walls of bronchioles contain,"cartilage, smooth muscle and respiratory epithelium.",cartilage and smooth muscle.,cartilage and respiratory epithelium.,smooth muscle and respiratory epithelium.,D,False,0.8811754,0.081962086,0.02072326,0.016139291
"Which of the following organs removes bilirubin from the blood, manufactures plasma proteins, and is involved with the production of prothrombin and fibrinogen?",Gallbladder,Kidney,Liver,Spleen,C,True,0.00029307304,0.009705246,0.9899621,3.9663126e-05
Which of the following conditions is characterized by incompetence of the esophageal sphincter?,Crohn's disease,Esophageal varices,Gastroesophageal reflux disease,Pyloric stenosis,C,False,0.05233528,0.92766505,0.019253073,0.0007465227
The muscles of the soft palate are innervated by branches of the,trigeminal and glossopharyngeal nerves.,facial and glossopharyngeal nerves.,trigeminal and vagus nerves.,facial and vagus nerves.,C,False,0.8854954,0.10575735,0.004100657,0.004646654
Which of the following is the large bone found superior to the patella and inferior to the ischium?,Calcaneus,Femur,Symphysis pubis,Tibia,B,False,0.014975661,0.052270193,0.92651135,0.006242784
A successful inferior alveolar nerve block will produce anaesthesia of the,lower lip.,lower lip and mandibular teeth.,"lower lip, mandibular teeth and labial gingivae of the anterior mandibular teeth.","lower lip, mandibular teeth and labial gingivae of the anterior and buccal gingivae of the posterior mandibular teeth.",C,False,0.027172802,0.7007958,0.094842404,0.17718893
The mucosa of the upper larynx is innervated by the,internal laryngeal nerve which is the afferent limb of the cough reflex.,external laryngeal nerve which is the afferent limb of the gag reflex.,internal laryngeal nerve which is the afferent limb of the gag reflex.,external laryngeal nerve which is the afferent limb of the cough reflex.,A,True,0.9391952,0.03641655,0.009207546,0.015180676
The bones of the viscerocranium develop initially by,endochondral ossification and follow the somatic growth pattern.,endochondral ossification and follow the neural growth pattern.,intramembranous ossification and follow the somatic growth pattern.,intramembranous ossification and follow the neural growth pattern.,C,False,0.39539358,0.57529426,0.017372381,0.011939851
The physician directs the medical assistant to complete a request form for an X-ray study of the fibula. The procedure will be performed on which of the following structures?,Heel,Lower leg,Toes,Thigh,B,True,0.0013245475,0.998317,0.00017925802,0.00017925802
Which cells in the blood do not have a nucleus?,Lymphocyte,Monocyte,Erythrocyte,Basophil,C,False,0.9381577,0.03210199,0.028329907,0.001410463
The coronal suture joins the,frontal and parietal bones.,left and right parietal bones.,parietal and occipital bones.,"parietal, squamous temporal and greater wing of the sphenoid.",A,True,0.95303196,0.013594271,0.013594271,0.019779546
"If you run your finger down the anterior midline of a patient's extended neck from chin to sternal notch, you should be able to palpate, in order, the","hyoid bone, cricoid cartilage, thyroid cartilage.","thyroid cartilage, cricoid cartilage, hyoid bone.","hyoid bone, thyroid cartilage, cricoid cartilage.","thyroid cartilage, hyoid bone, cricoids cartilage.",C,False,0.7724195,0.13422638,0.029949954,0.06340405
Which of the following bony structures may be palpated in a live patient?,The supraorbital foramen,The infraorbital foramen,The mental foramen,All of the above,D,True,0.0021586062,0.0058677,0.005178227,0.9867954
Which of the following structures accompany the oesophagus through the diaphragm?,The phrenic nerves,The splanchnic nerves,The sympathetic trunks,The vagus nerves,D,False,0.42981482,0.3347401,0.09590465,0.13954043
Which sequence describes the systemic circulation?,Left ventricle → aorta → arteries → veins → capillaries,Left ventricle → aorta → arteries →capillaries → veins,Right ventricle → pulmonary trunk → arteries → capillaries →veins,Right ventricle → pulmonary trunk → arteries → veins → capillaries,B,False,0.9865697,0.009671989,0.0006183096,0.0031400353
The anatomic location of the spinal canal is,caudal,dorsal,frontal,transverse,B,False,0.0042281253,0.051509116,0.031241857,0.9130209
The parotid duct runs,deep to masseter and enters the mouth opposite the upper second molar.,superficial to masseter and enters the mouth opposite the upper second molar.,deep to masseter and enters the mouth opposite the upper second premolar.,superficial to masseter and enters the mouth opposite the upper second premolar.,B,False,0.8977077,0.073688336,0.009972632,0.018631328
"If the foot is abducted, it is moved in which direction?",Inward,Outward,Upward,Downward,D,False,0.7620743,0.10313554,0.01792227,0.116867885
The infraorbital nerve,is a terminal branch of the maxillary division of the trigeminal nerve.,is a terminal branch of the maxillary branch of the facial nerve.,carries parasympathetic secretomotor neurons to the lacrimal gland.,innervates the inferior part of the orbicularis oculi muscle.,A,True,0.99084,0.007565157,0.00079736166,0.00079736166
Which of the following best describes the process whereby the stomach muscles contract to propel food through the digestive tract?,Absorption,Emulsion,Peristalsis,Regurgitation,C,True,1.012931e-05,6.60514e-05,0.99992263,1.2097736e-06
Which of the following is the point at which an impulse is transmitted from one neuron to another neuron?,Dendrite,Glial cell,Nerve center,Synapse,D,True,0.0082287295,0.010565897,0.24047872,0.74072665
Which of the following muscles initiates elevation of the mandible?,Masseter,Temporalis,Lateral pterygoid,Medial pterygoid.,D,False,0.56104475,0.26501876,0.16074201,0.013194508
Which of the following is an accessory organ of the gastrointestinal system that is responsible for secreting insulin?,Adrenal gland,Gallbladder,Liver,Pancreas,D,True,0.0006557754,0.059031017,0.01691267,0.9234005
A malignant tumour is damaging the patient's glossopharyngeal nerve. They will experience,loss of taste over the anterior two-thirds of the tongue.,loss of somaesthetic sensation over the anterior two thirds of the tongue.,loss of taste and somaesthetic sensation over the posterior third of the tongue.,paralysis of the muscles of the tongue.,C,False,0.9407606,0.032191057,0.015205979,0.011842429
A possible effect of damage to the third cranial nerve by trauma to the orbit is,a convergent strabismus.,ptosis.,pupillary contriction.,bitemporal hemianopia.,B,False,0.85151976,0.02571367,0.033017002,0.08974952
Blood flows from the right ventricle of the heart into which of the following structures?,Inferior vena cava,Left ventricle,Pulmonary arteries,Pulmonary veins,C,False,0.9701148,0.009510671,0.013837945,0.0065365825
A patient is stabbed in the neck. You suspect damage to the accessory nerve in the posterior triangle. You would test nerve function by asking the patient to,extend their neck against resistance.,extend their neck without impairment.,lift their shoulders against resistance.,lift their shoulders without impairment.,C,False,0.925334,0.046069663,0.011648236,0.016948083
Which of the following muscles are derived from the first brachial arch?,The muscles of mastication,The muscles of mastication and anterior belly of digastric,The muscles of mastication and anterior and posterior bellies of digastric,"The muscles of mastication, anterior and posterior bellies of digastric and geniohyoid",B,False,0.1829909,0.110989586,0.06731858,0.63870096
Which of the following best describes the location where the carotid pulse can be found?,In front of the ears and just above eye level,In the antecubital space,In the middle of the groin,On the anterior side of the neck,D,False,0.9945808,0.0019199926,0.00033364468,0.0031655328
"In the brain stem, pathways for:",nociception decussate in the medial lemniscus,skilled movements decussate in the medial lemniscus,skilled motor movements decussate in the pyramids.,discriminative touch decussate in the pyramids.,C,False,0.7031524,0.17778477,0.04495103,0.074111715
The respiratory tract is crossed by the isthmus of the thyroid gland at the level of the,thyroid cartilage.,cricothyroid membrane.,cricoid cartilage.,tracheal rings.,D,False,0.92858154,0.04623135,0.021838145,0.003348988
You notice a lesion on the labial alveolar mucosa of the lower right lateral incisor tooth of one of your patients and decide to take a biopsy to send for oral pathology report Which nerve would require local anaesthesia in order to carry out a pain-free biopsy?,The incisive nerve,The mental nerve,The buccal nerve,The lingual nerve,B,True,0.017179724,0.73050046,0.015161053,0.23715878
The major concentrations of proprioceptive receptors providing information about position of the TMJ are located in,the capsule and ligaments of the TMJ and the medial pterygoid muscle.,the capsule and ligaments of the TMJ and the lateral pterygoid muscle.,the articular disc of the TMJ and the medial pterygoid muscle.,the articular disc of the TMJ and the lateral pterygoid muscle.,B,False,0.98148686,0.012355097,0.0040111127,0.0021469938
Which of the following is a substance that aids the transmission of nerve impulses to the muscles?,Acetylcholine,Cholecystokinin,Deoxyribose,Oxytocin,A,True,0.99964094,0.00026116477,1.3002627e-05,8.478778e-05
"In the spinal cord, motor neuron cell bodies are located in",Lamina I.,Lamina II.,Lamina V.,Lamina IX,D,False,0.7096154,0.12331267,0.05824878,0.10882305
"When you examine a patient who has suffered an unfavourable fracture of the body of the mandible, you would expect the",anterior fragment to be displaced downwards by the action of the digastric muscle.,posterior fragment to be displaced anteriorly by the action of the lateral pterygoid muscle.,anterior fragment to be displaced backwards by action of the temporalis muscle.,posterior fragment to be displaced medially by action of the medial pterygoid muscle.,A,True,0.8308786,0.05311629,0.028431103,0.08757396
Examination of a patient indicates that they have a medially directed strabismus (squint). This could be due to damage to the,oculomotor nerve.,trochlear nerve.,ophthalmic trigeminal nerve.,abducens nerve.,D,False,0.93280905,0.021937568,0.017084993,0.028168393
"A patient cuts a peripheral motor nerve in their wrist when they fall through a plate glass window. If the nerve does not regenerate, after about 6 months the muscles it normally innervates will show signs of which of the four options below?",spastic paralysis,flaccid paralysis,atrophy,contracture,C,False,0.11730724,0.31887412,0.038084082,0.52573454
A patient suffers a CVA in the area of the left internal capsule conveying motor neurons to the right leg. The patient's leg will exhibit,spastic paralysis.,flaccid paralysis.,tremor.,hyporeflexia.,A,True,0.41795984,0.32550746,0.08230117,0.17423157
The crown of a very carious tooth suddenly fractures while the patient is standing eating at a take-away food outlet and a fragment is inhaled. It is more likely to enter the,right lung because the right main bronchus is wider and more vertical than the left.,left lung because the left main bronchus is wider and more vertical than the right.,right lung or left lung because the two main bronchi are of equal size and at the same angulation.,right or left lung because there are no factors predisposing to the fragment going in one particular direction.,A,True,0.61775994,0.12164415,0.083604716,0.1769912
"Calcium, potassium, and sodium are classified as which of the following?",Androgens,Catecholamines,Electrolytes,Estrogens,C,True,0.00026097544,0.0008038609,0.99891627,1.8904995e-05
Noradrenaline is the neurotransmitter between which of the two structures below?,parasympathetic pre- and post-ganglionic neurons,sympathetic pre- and post-ganglionic neurons,parasympathetic post-ganglionic neurons and target organs,sympathetic post-ganglionic neurons and target organs,D,False,0.7972283,0.20157087,0.0010577468,0.00014315048
Which of the following are mucus-producing glands located on each side of the vaginal opening?,Adrenal,Bartholin's,Bulbourethral,Corpus luteum,B,True,0.029263742,0.96908206,0.0014569559,0.00019717755
"When an emergency opening into the airway is required, the cricothyroid membrane should be pierced immediately",superior to the thyroid cartilage.,inferior to the thyroid cartilage.,inferior to the cricoid cartilage.,superior to the thyroid isthmus.,B,False,0.2712615,0.14519583,0.57426065,0.009282059
Cerebrospinal fluid circulates around the brain between the,skull and dura mater.,dura mater and arachnoid mater.,arachnoid and pia maters.,pia mater and brain surface.,C,False,0.5693809,0.39132938,0.03212227,0.007167448
Which of the following closes and seals off the lower airway during swallowing?,Alveoli,Epiglottis,Larynx,Uvula,B,True,0.00460397,0.99418074,0.0011640659,5.1145493e-05
Which orbital wall is most likely to collapse in a 'blow out' fracture?,The roof,The floor,The lateral wall,The medial wall,B,False,0.16404583,0.18588826,0.57257617,0.077489756
The walls of the maxillary sinus are sinus is related to,the floor of the orbit.,the floor of the orbit and the upper posterior teeth.,"the floor of the orbit, the upper posterior teeth and the infratemporal fossa.","the floor of the orbit, the upper posterior teeth, the infratemporal fossa and the hard palate.",C,False,0.048253164,0.2776778,0.21625568,0.4578133
Which of one of the following statements about the postnatal growth of the maxilla is correct?,Pneumatisation by enlargement of the developing maxillary sinus ceases at puberty,Space is created for the eruption of the permanent molars by resorption of the maxillary tuberosity,The zygomaticomaxillary sutures contribute to increase in height and length of the maxilla,The intermaxillary suture closes about eight years postnatally,C,False,0.40870097,0.19305666,0.15035269,0.24788967
The seventh cranial nerve supplies,taste buds on the posterior third of the tongue.,muscles of the soft palate.,muscles of the lower lip.,the parotid salivary gland.,C,False,0.83331484,0.1127769,0.017294897,0.0366133
Which of the following paranasal sinuses open into the middle meatus?,The anterior ethmoidal sinuses,The anterior ethmoidal and frontal sinuses,"The anterior ethmoidal, frontal and maxillary sinuses","The anterior ethmoidal, frontal, maxillary and sphenoidal sinuses",C,False,0.14201483,0.3860363,0.26531863,0.20663035
"Which of the following is a structural, fibrous protein found in the dermis?",Collagen,Heparin,Lipocyte,Melanin,A,True,0.9989924,0.0008039221,0.00017937929,2.4276345e-05
Palatine shelf elevation is due to the effect of,descent of the tongue.,changes in flexure of the developing brain.,hydrophilic molecules increasing turgor pressure in the palatine shelves.,a combination of these three processes.,D,True,0.39388788,0.0470432,0.053306926,0.50576204
On which surfaces of the teeth is dental plaque most likely to accumulate in the mouth of a patient with poor oral hygiene?,The palatal surfaces of the upper molars and lingual surfaces of the lower incisors.,The buccal surfaces of the upper molars and lingual surfaces of the lower incisors.,The palatal surfaces of the upper molars and labial surfaces of the lower incisors.,The buccal surfaces of the upper molars and labial surfaces of the lower incisors.,B,False,0.83126783,0.09928079,0.009234551,0.060216844
Laryngeal oedema is usually confined to the larynx above the vocal folds because,there are numerous mucous glands in the vestibular folds.,the mucosa covering the vocal folds is tightly attached to underlying tissues.,fluid will drain rapidly into the thorax below the vocal folds.,the mucosa above the vocal folds is more vascular than that below the vocal folds.,B,False,0.7361373,0.18612465,0.01731229,0.060425825
The coronary arteries,arise from the arch of the aorta and fill during diastole.,arise from the ascending aorta and fill during systole.,arise from the arch of the aorta and fill during systole.,arise from the ascending aorta and fill during diastole.,D,False,0.755627,0.13130829,0.022817958,0.090246774
Which muscle is the most active during a right lateral excursion of the mandible?,Left lateral pterygoid muscle,Right lateral pterygoid muscle,Left medial pterygoid muscle,Right medial pterygoid muscle,A,False,0.053321417,0.9451448,0.0012539995,0.00027980513
The phrenic nerves innervate the,diaphragm.,diaphragm and parietal pleura.,"diaphragm, parietal pleura and pericardium.","diaphragm, parietal pleura, pericardium and intercostals muscles.",C,False,0.028958924,0.06946885,0.24247012,0.6591021
Parasympathetic preganglionic nerves leave the central nervous system with the,third cranial nerves.,fourth cranial nerves.,fifth cranial nerves.,sixth cranial nerves.,A,True,0.9361553,0.041131794,0.017146284,0.005566583
"In a patient with a normal healthy mouth, you would expect the mucosa covering the alveolar process supporting the mandibular teeth to be",light pink in colour on both sides of the mucogingigival junction.,light pink below the mucogingival junction and red above it.,red below the mucogingival junction and light pink above it.,red on both sides of the mucogingival junction.,C,False,0.8929292,0.07329609,0.0032204057,0.030554356
Macrostomia results from failure of fusion of,maxillary and mandibular processes.,left and right mandibular processes.,maxillary and frontonasal processes.,mandibular and hyoid arches.,A,True,0.93285656,0.031920597,0.0103631,0.024859784
You suspect that your patient has an enlarged submandibular salivary gland. You expect the enlarged gland,to be palpable intraorally..,to be palpable extraorally.,to be palpable both intra- and extraorally.,only to be detectable by radiographical examination.,C,True,0.097039774,0.07557465,0.81250405,0.014881531
Osteoclasts,deposit bone and differentiate from periosteal mesenchymal cells.,resorb bone and differentiate from periosteal mesenchymal cells.,deposit bone and differentiate from monocytes.,resorb bone and differentiate from monocytes.,D,False,0.83303916,0.16403514,0.0020648977,0.0008607774
The lateral pterygoid muscle,is attached to the coronoid process and elevates the mandible.,is attached to the condylar process and elevates the mandible.,is attached to the coronoid process and protrudes the mandible.,is attached to the condylar process and protrudes the mandible.,D,False,0.7775709,0.13512157,0.023480607,0.0638269
"In the fetus, the ductus arteriosus passes blood from the",pulmonary vein to the aorta.,aorta to pulmonary vein.,pulmonary artery to the aorta.,aorta to the pulmonary artery.,C,False,0.9113816,0.040043313,0.024287498,0.024287498
Which of the following bones develop by endochondral ossification?,The ribs,The ribs and sternum,"The ribs, sternum and clavicle","The ribs, sternum, clavicle and vertebrae",B,True,0.04704318,0.5057618,0.34760466,0.099590406
The mucosa of the hard palate is,keratinised and has submucosa and minor salivary glands posterolaterally.,non-keratinised and has submucosa and minor salivary glands posteromedially.,keratinised and lacks submucosa and minor salivary glands.,non-keratinised and lacks submucosa and minor salivary glands.,A,True,0.97984207,0.015837671,0.0024287857,0.0018915402
The head of the sixth rib articulates with,The inferior articular facet of T5 and superior articular facet of T6.,The inferior articular demifacet of T5 and superior articular facet of T6.,The inferior articular demifacet of T5 and the superior articular demifacet of T6.,The superior and inferior demifacets of T6.,C,False,0.9546613,0.037016235,0.0039014826,0.004420959
Which of the following is located beneath the diaphragm in the left upper quadrant of the abdominal cavity?,Appendix,Duodenum,Spleen,Pancreas,C,True,0.040316373,0.040316373,0.809776,0.10959126
Proprioceptive nerve endings in synovial joints are located in,articular cartilage and synovial membrane.,synovial membrane and capsule.,capsule and ligaments.,ligaments and articular discs.,D,False,0.98930514,0.009698806,0.000620024,0.00037606354
The thoracic cage is a structural unit important for which of the following functions?,Alimentation,Menstruation,Mentation,Respiration,D,True,0.042553566,0.054639865,0.14852655,0.75428003
A patient is admitted after a head injury and sinks rapidly into a coma. An MRI scan indicates an extradural haemorrhage because extravasated blood can be detected between the,skull bones and dura mater.,dura mater and arachnoid.,arachnoid and pia mater.,pia mater and brain surface.,A,True,0.9738237,0.010818204,0.0030994676,0.012258632
A successful infraorbital nerve block will produce anaesthesia of the,maxillary anterior teeth.,maxillary anterior teeth and their labial gingivae.,"maxillary anterior teeth, their labial gingivae and the upper lip.","maxillary anterior teeth, their labial gingivae, the upper lip and anterior hard palate.",C,False,0.01755498,0.06943129,0.166557,0.7464567
Which of the following foramina pierce the sphenoid bone?,The foramen ovale,The foramen ovale and rotundum,"The foramen ovale, rotundum and spinosum","The foramen ovale, rotundum and spinosum and foramen lacerum",C,False,0.20481254,0.29800048,0.15950817,0.3376788
Which of the following is a disorder characterized by uncontrollable episodes of falling asleep during the day?,Dyslexia,Epilepsy,Hydrocephalus,Narcolepsy,D,True,0.00042201483,0.01583599,0.0040039653,0.979738
Which of the following allows gas exchange in the lungs?,Alveoli,Bronchi,Bronchioles,Capillaries,A,True,0.9947621,0.0035876725,0.00048553865,0.0011647467
"A patient has a fracture in which the radius is bent but not displaced, and the skin is intact. This type of fracture is known as which of the following?","Closed, greenstick","Complex, comminuted","Compound, transverse","Open, spiral",A,True,0.997983,0.0011685179,0.00080310984,4.530836e-05
Fertilization of an ovum by a spermatozoon occurs in which of the following structures?,Cervix,Fallopian tube,Ovary,Uterus,B,True,0.08505157,0.91439044,0.00039386685,0.00016418814
Ectoderm gives rise to,the neural tube.,ectomesenchymal cells.,dental enamel.,all three structures.,D,True,0.073068924,0.026880555,0.009888803,0.8901617
"In men, which of the following structures is located at the neck of the bladder and surrounds the urethra?",Epididymis,Prostate,Scrotum,Seminal vesicle,B,True,0.22619149,0.6967189,0.07343363,0.003656045
"Which of the following options completes the following statement? ""The right atrioventricular valve…""",is a semilunar valve,is prevented from everting by papillary muscles.,is open during systole.,prevents blood returning from the pulmonary trunk as the heart relaxes.,B,False,0.548366,0.17802837,0.045012623,0.22859296
Which one of the following brain areas is supplied by branches of the subclavian arteries?,The frontal lobe,The parietal lobe,The hypothalamus,The cerebellum,D,False,0.0057621286,0.0050850604,0.969041,0.020111803
Which of the following structures is part of the small intestine?,Ascending colon,Cecum,Ileum,Sigmoid colon,C,False,0.013828856,0.96947765,0.0122039225,0.0044895723
During an inferior alveolar nerve block the needle ideally passes,posterior and medial to medial pterygoid.,anterior and lateral to medial pterygoid.,through medial pterygoid.,inferior to medial pterygoid.,B,False,0.08341143,0.09451754,0.03068535,0.79138565
Patients with which of the following diseases are treated with injections of vitamin B-12?,Bell's palsy,Crohn's disease,Pernicious anemia,Graves' disease,C,True,0.0072883153,0.037013117,0.9545809,0.0011176993
Which of the following bones has a process that joins with the zygomatic bone to form the zygomatic arch?,The maxillary bone,The temporal bone,The sphenoid bone,The frontal bone,B,False,0.9657589,0.025736604,0.0073736603,0.0011307874
Parasympathetic preganglionic axons leave the CNS with the,cervical spinal nerves.,thoracic spinal nerves.,lumbar spinal nerves.,sacral spinal nerves.,D,False,0.9613604,0.0121017415,0.02260903,0.00392886
A patient with damage to their cervical sympathetic chain will show the following signs and symptoms.,Pupillary constriction,Pupillary constriction and vasodilation of facial vessels,"Pupillary constriction, vasodilation of facial vessels and increased facial sweating","Pupillary constriction, vasodilation of facial vessels, increased facial sweating and decreased lacrimation",B,False,0.12354732,0.10903013,0.6274251,0.13999747
Which of the following cranial nerves is related to the sense of smell?,Abducens,Hypoglossal,Olfactory,Trochlear,C,True,4.0059113e-05,0.00010889195,0.9998456,5.421411e-06
Where are the vital centres located in the brainstem?,midbrain,pons,medulla oblongata,cerebellum,C,False,0.56047904,0.43650153,0.0029411241,7.83783e-05
Saliva contains an enzyme that acts upon which of the following nutrients?,Starches,Proteins,Fats,Minerals,A,True,0.90284294,0.083977476,0.0053685005,0.007811122
During swallowing the,auditory tube opens.,cricopharyngeus muscle contracts.,rima glottis opens.,gag reflex is suspended.,A,False,0.2934623,0.13862178,0.08407836,0.48383754
The dorsal roots of all spinal nerves contain,sensory neuronal processes.,sensory and autonomic neuronal processes.,motor neuronal processes.,motor and autonomic neuronal processes.,A,False,0.28584093,0.6856967,0.014231181,0.014231181
Which of the following is the master gland of the endocrine system?,Adrenal,Pancreas,Pineal,Pituitary,D,True,0.003205918,0.19834313,0.10616543,0.69228554
Loss of somatic sensation over the anterior two-thirds of the tongue indicates damage to the,lingual branch of the mandibular trigeminal nerve.,chorda tympani branch of the facial nerve.,lingual branch of the glossopharyngeal nerve.,hypoglossal nerve.,A,True,0.9846444,0.012394845,0.001480353,0.001480353
"In men, specimens for gonococcal cultures are most commonly obtained from which of the following structures?",Anus,Bladder,Urethra,Testicle,C,True,0.00054985855,6.567124e-05,0.99416757,0.005216913
Which of the following structures should be visible on a dental panoramic radiograph?,The mandibular canal,The mandibular canal and maxillary sinus,"The mandibular canal, maxillary sinus and hard palate","The mandibular canal, maxillary sinus, hard palate and zygomatic arch",D,False,0.099482246,0.5724808,0.1640185,0.1640185
