version https://git-lfs.github.com/spec/v1
oid sha256:d0ec4f6b4482bb2a7bc7d15e3aec2a1939a3423486b009dbfada1cfc398e6366
size 132276
